3,2
3,1
3,3
10,17
10,165
10,92
10,35
10,147
10,233
10,274
11,6
11,20
8,2
25,3
25,1
20,3
20,2
20,1
19,3
19,2
19,1
12,3
12,2
12,1
11,27
11,25
11,24
11,23
11,22
11,21
11,19
11,18
11,17
11,16
11,15
11,14
11,13
11,12
11,11
11,10
11,9
11,8
11,5
11,4
11,3
11,2
11,1
10,289
10,285
10,280
10,273
10,267
10,255
10,239
10,232
10,218
10,203
10,201
10,194
10,187
10,183
10,178
10,154
10,149
10,148
10,146
10,145
10,142
10,121
10,101
10,88
10,84
10,81
10,80
10,78
10,71
10,65
10,31
10,29
10,15
10,9
10,4
10,3
10,2
10,1
9,7
9,6
9,5
9,4
9,3
9,2
9,1
8,17
8,16
8,15
8,14
8,13
